AWS Comprehend Medical - ICD-10-CM Classification Report
================================================================================

Evaluation on 360 document-diagnosis pairs
184 unique documents
158 unique ICD-10 codes

              precision    recall  f1-score   support

         A64     0.0000    0.0000    0.0000         0
      A69.20     0.0000    0.0000    0.0000         1
      B19.20     0.0000    0.0000    0.0000         2
         B20     0.0000    0.0000    0.0000         0
       B34.9     0.0000    0.0000    0.0000         1
      C34.12     0.0000    0.0000    0.0000         1
      C43.59     0.0000    0.0000    0.0000         1
       C56.9     0.0000    0.0000    0.0000         1
      D22.60     0.0000    0.0000    0.0000         1
       D22.9     0.0000    0.0000    0.0000         0
       D64.9     0.0000    0.0000    0.0000         2
       E03.9     0.0000    0.0000    0.0000         3
       E10.9     0.0000    0.0000    0.0000         1
     E11.319     0.0000    0.0000    0.0000         0
      E11.40     0.0000    0.0000    0.0000         1
      E11.51     0.0000    0.0000    0.0000         1
     E11.621     0.0000    0.0000    0.0000         0
      E11.65     0.0000    0.0000    0.0000         1
       E11.9     0.3333    0.0244    0.0455        41
       E29.1     0.0000    0.0000    0.0000         1
       E55.9     0.1667    1.0000    0.2857         1
      E78.00     0.0000    0.0000    0.0000         2
       E78.5     0.3333    0.3333    0.3333         3
      F10.20     0.0000    0.0000    0.0000         1
      F11.90     0.0000    0.0000    0.0000         0
     F17.200     0.0000    0.0000    0.0000         0
     F17.210     0.0000    0.0000    0.0000         1
      F19.90     0.0000    0.0000    0.0000         0
       F32.A     0.3333    0.0625    0.1053        16
       F41.9     0.0000    0.0000    0.0000         0
       F43.0     0.0000    0.0000    0.0000         0
       F95.0     0.0000    0.0000    0.0000         1
      G31.84     0.0000    0.0000    0.0000         1
         G35     0.0000    0.0000    0.0000         1
     G40.909     0.0000    0.0000    0.0000         2
     G43.909     0.0000    0.0000    0.0000         3
     G44.209     0.0000    0.0000    0.0000         0
      G47.00     0.0000    0.0000    0.0000         1
       G50.0     0.0000    0.0000    0.0000         1
      G56.01     0.0000    0.0000    0.0000         1
      G56.03     0.0000    0.0000    0.0000         3
      G56.92     0.0000    0.0000    0.0000         1
      G82.50     0.0000    0.0000    0.0000         1
       G91.9     0.0000    0.0000    0.0000         1
    H35.3210     0.0000    0.0000    0.0000         2
    H35.3290     0.0000    0.0000    0.0000         0
       H53.8     0.0000    0.0000    0.0000         0
       H53.9     0.0000    0.0000    0.0000         0
         I10     0.0000    0.0000    0.0000        42
      I21.11     0.0000    0.0000    0.0000         1
       I21.9     0.0000    0.0000    0.0000         0
      I25.10     0.0000    0.0000    0.0000         8
       I34.0     0.0000    0.0000    0.0000         2
      I48.91     0.0000    0.0000    0.0000         3
       I49.3     0.0000    0.0000    0.0000         1
      I50.21     0.0000    0.0000    0.0000         1
      I50.32     0.0000    0.0000    0.0000         1
       I50.9     0.0000    0.0000    0.0000        10
       I51.9     0.0000    0.0000    0.0000         1
       I73.9     0.0000    0.0000    0.0000         0
       J02.9     0.0000    0.0000    0.0000         1
       J06.9     0.0000    0.0000    0.0000         1
       J18.9     0.0000    0.0000    0.0000         1
       J30.9     0.0000    0.0000    0.0000         1
       J44.9     0.0000    0.0000    0.0000         2
      J45.20     0.0000    0.0000    0.0000         2
      J45.40     0.0000    0.0000    0.0000         1
     J45.909     0.0000    0.0000    0.0000         5
       J70.0     0.0000    0.0000    0.0000         1
      K20.90     0.0000    0.0000    0.0000         1
       K21.9     0.3333    0.1250    0.1818         8
       K27.9     0.0000    0.0000    0.0000         1
      K29.70     0.0000    0.0000    0.0000         0
       K58.9     1.0000    1.0000    1.0000         1
      K59.00     0.0000    0.0000    0.0000         2
       K81.9     0.0000    0.0000    0.0000         1
       L21.0     0.0000    0.0000    0.0000         1
      L40.50     0.0000    0.0000    0.0000         1
       L40.9     0.0000    0.0000    0.0000         2
       L68.0     0.0000    0.0000    0.0000         1
       L70.0     1.0000    0.3333    0.5000         3
       L71.0     0.0000    0.0000    0.0000         1
       L71.8     0.0000    0.0000    0.0000         1
       L90.5     0.0000    0.0000    0.0000         0
     L97.519     0.0000    0.0000    0.0000         4
       M06.9     0.0000    0.0000    0.0000         3
      M16.11     0.0000    0.0000    0.0000         1
      M17.11     0.0000    0.0000    0.0000         3
      M19.90     0.0000    0.0000    0.0000         2
      M1A.90     0.0000    0.0000    0.0000         3
      M20.21     1.0000    1.0000    1.0000         1
     M22.2X2     0.0000    0.0000    0.0000         2
     M25.461     0.0000    0.0000    0.0000         0
      M25.50     0.0000    0.0000    0.0000         0
     M25.511     0.0000    0.0000    0.0000         1
     M25.512     1.0000    0.5000    0.6667         2
     M25.521     0.0000    0.0000    0.0000         1
     M25.522     0.0000    0.0000    0.0000         1
     M25.561     0.1538    0.2857    0.2000         7
     M25.562     0.0000    0.0000    0.0000         1
     M25.571     0.0000    0.0000    0.0000         1
     M47.812     0.0000    0.0000    0.0000         1
     M50.322     0.0000    0.0000    0.0000         1
      M51.16     0.0000    0.0000    0.0000         4
      M51.26     0.0000    0.0000    0.0000         0
       M51.9     0.0000    0.0000    0.0000         0
      M54.12     0.0000    0.0000    0.0000         0
      M54.16     0.0000    0.0000    0.0000         0
      M54.50     0.0000    0.0000    0.0000         3
       M54.9     0.0000    0.0000    0.0000         6
     M65.321     0.0000    0.0000    0.0000         1
     M67.813     0.0000    0.0000    0.0000         2
     M75.101     0.0000    0.0000    0.0000         0
      M75.42     1.0000    1.0000    1.0000         1
      M76.61     0.0000    0.0000    0.0000         1
      M77.02     0.0000    0.0000    0.0000         1
      M77.11     0.5000    1.0000    0.6667         2
     M79.641     0.0000    0.0000    0.0000         0
     M79.644     0.0000    0.0000    0.0000         0
     M79.671     0.0000    0.0000    0.0000         1
     M79.672     0.0000    0.0000    0.0000         1
       M81.0     0.0000    0.0000    0.0000         1
     M94.262     0.0000    0.0000    0.0000         1
      M96.89     0.0000    0.0000    0.0000         0
       N05.9     0.0000    0.0000    0.0000         1
      N13.30     0.0000    0.0000    0.0000         0
      N18.30     0.0000    0.0000    0.0000         3
       N20.0     0.0000    0.0000    0.0000         4
       N20.1     0.0000    0.0000    0.0000         2
       N20.2     0.0000    0.0000    0.0000         1
     N25.561     0.0000    0.0000    0.0000         1
       N28.9     0.0000    0.0000    0.0000         1
       N39.0     0.0000    0.0000    0.0000         0
      N39.41     0.0000    0.0000    0.0000         1
       N50.9     0.0000    0.0000    0.0000         1
      N60.02     0.0000    0.0000    0.0000         1
         N62     0.0000    0.0000    0.0000         1
      N63.20     0.0000    0.0000    0.0000         0
       Q60.3     0.0000    0.0000    0.0000         1
       R00.2     0.0000    0.0000    0.0000         0
       R01.1     0.0000    0.0000    0.0000         1
       R05.9     0.0000    0.0000    0.0000         2
      R06.00     0.0000    0.0000    0.0000         0
      R06.02     0.0274    1.0000    0.0533         2
      R06.03     0.0000    0.0000    0.0000         0
       R07.9     0.0000    0.0000    0.0000         2
      R09.81     0.0000    0.0000    0.0000         0
     R10.819     0.0000    0.0000    0.0000         0
       R10.9     0.0000    0.0000    0.0000         2
       R11.0     0.0000    0.0000    0.0000         0
      R13.10     0.0000    0.0000    0.0000         2
       R16.0     0.0000    0.0000    0.0000         1
       R16.1     0.0000    0.0000    0.0000         0
       R19.4     0.0000    0.0000    0.0000         0
       R26.9     0.0000    0.0000    0.0000         1
     R29.818     0.0000    0.0000    0.0000         0
       R31.9     0.0000    0.0000    0.0000         0
         R32     0.0000    0.0000    0.0000         0
      R39.15     0.0000    0.0000    0.0000         0
     R39.198     0.0000    0.0000    0.0000         1
         R42     0.0000    0.0000    0.0000         1
     R45.850     0.0000    0.0000    0.0000         0
     R45.851     0.0000    0.0000    0.0000         0
      R45.88     0.0000    0.0000    0.0000         0
       R50.9     0.0000    0.0000    0.0000         0
       R51.9     1.0000    0.5000    0.6667         2
       R53.1     0.0000    0.0000    0.0000         0
      R53.83     0.0000    0.0000    0.0000         0
       R59.0     0.0000    0.0000    0.0000         0
       R60.0     0.0000    0.0000    0.0000         1
       R63.4     0.0000    0.0000    0.0000         0
       R63.5     0.0000    0.0000    0.0000         1
      R68.83     0.0000    0.0000    0.0000         0
      R68.89     0.0000    0.0000    0.0000         0
       R71.8     0.0000    0.0000    0.0000         1
       R73.9     0.0000    0.0000    0.0000         1
      R79.89     0.0000    0.0000    0.0000         2
       R91.1     0.0000    0.0000    0.0000         1
       R91.8     0.0000    0.0000    0.0000         0
     S13.9XA     0.0000    0.0000    0.0000         1
      S16.1A     0.0000    0.0000    0.0000         1
    S32.009A     0.0000    0.0000    0.0000         0
      S33.5A     0.0000    0.0000    0.0000         1
    S33.5XXA     0.0000    0.0000    0.0000         3
    S39.92XA     0.0000    0.0000    0.0000         0
    S42.201A     0.0000    0.0000    0.0000         0
    S42.294A     0.0000    0.0000    0.0000         1
    S50.01XA     0.0000    0.0000    0.0000         1
    S59.901A     0.0000    0.0000    0.0000         0
    S62.600A     0.0000    0.0000    0.0000         0
    S62.632A     0.0000    0.0000    0.0000         0
    S62.642A     0.0000    0.0000    0.0000         1
    S63.501A     1.0000    1.0000    1.0000         1
    S63.610A     0.0000    0.0000    0.0000         1
    S69.92XA     0.0000    0.0000    0.0000         0
    S80.01XA     0.0000    0.0000    0.0000         1
    S80.11XA     1.0000    1.0000    1.0000         1
    S80.261A     0.0000    0.0000    0.0000         0
    S82.001A     0.0000    0.0000    0.0000         0
    S82.61XA     0.0000    0.0000    0.0000         1
    S83.104A     0.0000    0.0000    0.0000         0
    S83.105A     0.0000    0.0000    0.0000         0
    S83.411A     0.0000    0.0000    0.0000         1
    S83.421A     0.0000    0.0000    0.0000         2
    S83.422A     0.0000    0.0000    0.0000         1
    S83.511A     0.0000    0.0000    0.0000         0
    S83.521A     0.0000    0.0000    0.0000         1
     S83.91A     0.0000    0.0000    0.0000         1
    S83.92XA     0.0000    0.0000    0.0000         1
    S91.301A     0.0000    0.0000    0.0000         0
    S92.901A     0.0000    0.0000    0.0000         0
    S93.324A     0.0000    0.0000    0.0000         2
    S93.325A     0.0000    0.0000    0.0000         1
    S93.401A     0.0000    0.0000    0.0000         4
    S99.911A     0.0000    0.0000    0.0000         0
    S99.912A     0.0000    0.0000    0.0000         0
    S99.921A     0.0000    0.0000    0.0000         0
    S99.922A     0.0000    0.0000    0.0000         0
    T14.90XA     0.0000    0.0000    0.0000         0
    T78.01XA     0.0000    0.0000    0.0000         0
    T88.7XXA     0.0000    0.0000    0.0000         0
       U07.1     0.0000    0.0000    0.0000         1
       Z11.3     0.0000    0.0000    0.0000         1
      Z47.89     0.0000    0.0000    0.0000         6
     Z48.812     0.0000    0.0000    0.0000         1
     Z48.817     0.0000    0.0000    0.0000         1
       Z72.0     0.0000    0.0000    0.0000         0
     Z79.899     0.0000    0.0000    0.0000         1
       Z80.0     0.0000    0.0000    0.0000         0
       Z80.3     0.0000    0.0000    0.0000         0
       Z83.3     0.0000    0.0000    0.0000         0
       Z85.3     0.0000    0.0000    0.0000         1
     Z87.828     0.0000    0.0000    0.0000         0
     Z91.010     0.0000    0.0000    0.0000         1
       Z94.0     0.0000    0.0000    0.0000         3
       Z95.1     0.0000    0.0000    0.0000         1
       Z95.5     0.0000    0.0000    0.0000         1
     Z98.890     0.0000    0.0000    0.0000         1

    accuracy                         0.0528       360
   macro avg     0.0428    0.0427    0.0366       360
weighted avg     0.1027    0.0528    0.0508       360
